20250154 黄敏 女 25 NUIST 65.00 70.50 51.50 76.50 78.00 69.50 51.00 97.50 86.50 72.50
20251020 李涛 女 18 NUIST 59.00 84.00 98.00 90.00 60.00 64.00 80.00 80.50 77.00 78.50
20241315 张伟 女 21 NUIST 83.50 52.00 52.00 85.00 96.50 95.50 58.50 92.50 55.50 82.50
20241026 黄杰 女 21 NUIST 91.00 81.50 66.50 52.00 77.00 100.00 66.00 55.50 87.00 63.00
20262016 赵静 男 18 NUIST 61.50 81.50 89.00 60.50 53.00 86.50 98.50 98.00 51.00 70.00
20241730 张洋 女 20 NUIST 78.50 76.00 60.00 68.50 57.00 65.50 96.00 73.50 77.00 77.00
20241902 杨娜 女 19 NUIST 85.00 83.00 63.00 98.00 85.50 53.50 73.50 85.50 70.00 88.00
20250353 李洋 男 18 NUIST 60.00 100.00 92.50 67.50 90.00 76.50 53.00 69.00 66.50 60.00
20260222 刘磊 男 23 NUIST 62.00 64.50 77.50 74.00 93.00 59.00 86.50 65.00 92.00 50.50
20250644 李伟 女 20 NUIST 65.50 97.50 91.50 69.00 80.50 91.50 62.50 82.50 77.50 68.50
20261421 吴敏 女 19 NUIST 58.00 79.50 85.50 85.00 59.00 88.00 98.50 93.50 91.50 97.00
20261147 张娟 女 19 NUIST 79.50 81.00 52.50 69.50 84.00 62.00 52.00 64.50 66.50 60.50
20271509 赵伟 男 20 NUIST 82.00 70.50 64.00 74.00 75.00 71.00 92.50 82.00 93.50 69.00
20261314 杨杰 男 18 NUIST 59.00 95.50 62.50 55.50 85.00 57.50 60.00 50.50 92.50 76.00
20260453 刘磊 男 19 NUIST 82.00 55.00 88.00 64.00 58.00 85.50 75.50 62.50 74.50 97.00
20261010 黄磊 男 24 NUIST 85.00 66.00 68.00 58.50 89.00 88.00 92.50 78.50 59.50 50.50
20250745 陈娟 女 18 NUIST 97.00 65.50 79.50 81.00 60.50 67.50 55.50 68.00 56.50 64.50
20241552 王娟 男 22 NUIST 91.00 84.00 51.50 54.00 76.00 73.50 61.50 84.50 79.00 58.50
20251301 吴涛 女 18 NUIST 69.00 62.00 52.50 91.50 67.00 95.50 93.50 63.50 98.50 53.00
20250610 李磊 女 22 NUIST 84.00 87.00 85.50 95.00 60.50 88.00 55.00 52.50 58.00 94.50
20250813 周娟 女 22 NUIST 60.50 64.50 75.50 98.50 68.00 91.00 54.50 57.00 55.50 65.50
20240944 黄磊 女 20 NUIST 86.50 84.50 81.00 62.00 84.50 66.00 88.00 65.00 57.00 71.50
20250209 张娜 女 24 NUIST 79.00 83.00 84.50 66.00 54.50 89.00 52.00 57.50 68.00 65.50
20241912 陈伟 男 22 NUIST 75.50 94.50 71.50 98.00 68.00 99.50 89.00 81.50 70.00 92.50
20240827 周娜 男 24 NUIST 52.50 61.50 50.00 73.50 75.50 93.00 96.00 81.50 93.50 83.00
20261311 张娟 男 18 NUIST 70.00 75.50 62.00 51.00 85.00 55.50 93.50 74.00 85.50 57.50
20251659 张洋 男 25 NUIST 95.50 72.00 73.50 60.00 95.50 87.50 93.00 70.50 89.50 87.50
20241058 杨敏 女 21 NUIST 58.50 59.50 66.50 99.00 78.50 58.50 66.50 74.00 87.00 75.50
20240907 杨涛 男 20 NUIST 58.00 59.00 99.00 85.50 58.00 66.00 70.50 89.00 57.00 58.00
20271433 赵静 女 23 NUIST 89.00 86.50 88.50 69.50 56.00 88.50 81.50 50.00 72.00 87.50
20250649 杨伟 女 20 NUIST 65.00 72.00 81.00 53.00 93.50 76.50 78.50 88.50 72.50 84.50
20241032 吴娜 女 19 NUIST 97.00 96.50 62.50 89.50 77.50 63.00 78.00 82.00 99.00 53.00
20260744 周娟 女 24 NUIST 84.00 59.00 61.00 71.50 91.00 57.50 63.00 59.50 72.00 53.00
20260646 周娟 男 25 NUIST 64.50 79.50 91.50 74.50 68.50 64.50 65.50 78.00 93.50 51.50
20241008 李洋 女 24 NUIST 82.50 57.00 60.50 66.50 75.00 64.00 61.00 59.50 62.00 63.00
20270829 黄敏 女 23 NUIST 68.00 73.00 60.00 65.00 53.00 79.00 78.00 53.00 50.50 97.00
20241523 吴伟 女 22 NUIST 81.50 78.00 88.00 81.50 51.50 88.00 59.00 73.50 57.00 66.00
20241705 赵洋 女 20 NUIST 56.50 59.00 87.50 73.00 88.50 70.50 79.50 79.50 50.50 65.00
20270818 吴涛 男 19 NUIST 55.50 80.50 94.50 90.00 64.50 58.50 70.00 55.50 59.00 81.50
20271002 黄磊 女 22 NUIST 96.50 79.50 59.50 55.00 83.50 81.00 72.50 60.50 81.00 93.50
20270910 李敏 女 24 NUIST 81.50 71.00 58.50 97.00 67.50 75.00 77.00 77.50 70.50 82.50
20250636 赵娟 男 23 NUIST 84.00 50.00 59.50 85.50 95.50 96.50 83.00 58.50 65.00 92.50
20252037 李强 男 25 NUIST 87.00 71.50 96.50 87.00 67.00 84.50 74.50 74.50 57.50 99.00
20271443 赵娜 男 24 NUIST 83.00 85.50 75.50 95.50 88.50 50.50 50.00 55.50 98.50 63.50
20261313 周伟 男 22 NUIST 69.50 83.50 58.00 88.50 73.50 70.00 69.00 100.00 94.00 53.00
20260949 李磊 女 23 NUIST 67.00 56.50 94.00 100.00 90.50 81.50 77.50 72.00 63.00 54.50
20240315 周伟 男 18 NUIST 73.50 87.00 88.50 88.00 98.00 60.50 62.50 91.50 77.00 76.00
20261925 王娜 男 23 NUIST 62.50 92.00 57.50 54.00 73.00 70.00 64.50 65.00 66.50 63.50
20241146 刘强 女 18 NUIST 96.50 57.00 91.50 91.50 50.50 60.50 100.00 82.00 61.00 66.00
20261160 黄磊 女 19 NUIST 83.50 87.50 97.00 67.00 81.50 92.50 97.50 89.50 63.50 74.50
20270613 李伟 女 22 NUIST 78.00 98.00 91.50 88.00 72.00 82.50 75.50 90.50 89.50 73.50
20261002 周涛 男 24 NUIST 65.50 55.00 54.50 77.50 58.50 79.50 79.50 72.00 83.00 53.50
20261423 刘杰 男 25 NUIST 74.50 66.00 78.50 77.50 95.00 96.50 92.00 80.00 50.50 81.00
20260360 王伟 女 20 NUIST 53.00 59.50 68.50 98.00 68.50 80.00 96.00 81.50 87.00 59.50
20271831 刘强 女 24 NUIST 50.00 88.00 87.00 64.50 63.50 96.50 65.50 97.50 50.00 51.50
20260651 吴杰 男 19 NUIST 73.00 80.50 88.00 53.50 90.50 53.00 78.00 76.00 73.50 88.50
20260520 王娜 男 25 NUIST 50.50 69.00 89.00 79.00 81.50 70.50 98.50 85.00 95.00 89.00
20261121 陈敏 女 24 NUIST 61.50 55.50 87.50 78.00 53.50 95.50 67.00 50.50 61.50 57.00
20240307 杨洋 男 18 NUIST 55.00 75.00 65.00 96.50 96.50 78.00 89.50 86.50 84.00 59.00
20260812 赵涛 女 20 NUIST 63.00 54.00 52.00 74.00 64.00 82.00 53.00 88.00 59.00 67.00
20270628 黄静 女 21 NUIST 94.50 63.50 62.50 82.50 97.00 84.50 97.50 89.50 92.50 90.50
20260130 杨洋 女 20 NUIST 86.50 67.00 51.50 51.00 84.00 99.00 81.50 63.00 100.00 61.00
20240418 周娜 男 23 NUIST 67.50 76.50 82.50 89.00 86.50 65.00 95.50 57.00 97.50 63.00
20240812 杨杰 女 22 NUIST 52.00 66.00 94.00 92.00 69.50 58.50 54.00 64.00 50.00 71.00
20270214 李磊 女 21 NUIST 82.00 53.00 62.50 98.50 51.50 91.50 91.50 53.00 96.50 50.50
20260451 杨静 女 19 NUIST 87.50 96.00 80.50 66.00 79.50 53.50 60.00 97.00 95.50 52.50
20271514 周静 男 24 NUIST 98.50 61.00 68.50 67.00 53.00 80.50 92.00 65.00 78.00 86.50
20271759 李伟 女 23 NUIST 76.50 85.00 93.50 50.00 79.00 93.00 68.50 72.00 88.50 79.50
20260933 李杰 女 20 NUIST 89.50 80.00 76.50 69.00 59.50 90.50 78.00 78.00 54.50 90.00
20270446 杨磊 男 22 NUIST 99.00 97.00 79.00 61.50 61.50 72.50 97.00 63.50 96.50 90.00
20270432 王涛 男 23 NUIST 93.50 90.00 68.00 92.50 68.00 76.50 64.00 70.00 80.50 66.50
20261408 杨敏 男 20 NUIST 65.00 52.00 51.00 74.50 80.50 96.50 69.00 56.50 76.50 86.50
20251848 李伟 男 22 NUIST 99.50 78.50 94.00 66.50 79.00 84.00 54.00 61.00 59.50 92.50
20270629 吴洋 男 22 NUIST 67.00 61.00 63.50 70.00 92.00 84.50 68.50 56.00 81.50 88.00
20251550 赵静 女 21 NUIST 75.00 85.50 98.50 54.00 99.50 65.00 81.50 53.00 73.50 55.00
20261706 吴涛 男 18 NUIST 94.00 79.00 96.50 60.50 55.50 63.00 90.50 50.50 51.00 61.50
20252046 吴娜 男 18 NUIST 74.50 67.00 99.50 53.50 77.50 78.00 51.50 50.50 53.50 78.50
20241255 吴娟 女 19 NUIST 65.00 56.00 87.50 51.00 88.00 55.50 57.50 100.00 76.50 70.00
20260225 刘强 男 21 NUIST 83.00 72.00 77.50 80.50 59.50 63.00 67.50 87.00 92.00 87.00
20271232 黄洋 男 24 NUIST 58.50 74.00 54.50 95.50 71.50 62.00 57.00 63.00 97.00 57.00
20241016 黄敏 男 21 NUIST 77.50 91.00 85.50 66.00 70.50 80.50 63.50 66.50 56.50 95.00
20241546 李强 女 20 NUIST 93.00 73.00 97.50 66.00 75.50 84.00 90.00 62.50 68.50 79.50
20240343 陈娜 男 24 NUIST 56.50 55.50 69.50 86.50 62.50 99.50 67.00 87.50 70.50 100.00
20241811 李杰 男 18 NUIST 84.50 54.50 70.50 89.00 80.50 75.00 56.50 88.00 73.50 96.50
20261023 张洋 男 18 NUIST 70.00 66.50 79.00 56.00 81.50 55.50 77.50 69.00 71.50 94.00
20250540 吴涛 女 21 NUIST 98.50 97.50 62.00 78.00 90.00 89.50 77.00 55.00 75.00 95.00
20270529 黄敏 男 24 NUIST 75.50 94.50 93.50 65.50 75.50 53.00 73.50 91.50 97.00 65.00
20270727 杨敏 女 25 NUIST 53.00 56.50 58.00 52.00 77.00 60.00 86.50 55.50 61.50 67.50
20262030 周杰 女 22 NUIST 82.50 59.00 63.50 83.00 97.00 80.50 56.00 99.50 81.50 60.00
20240325 张敏 女 21 NUIST 80.50 95.00 70.00 69.00 59.00 65.50 87.50 83.00 61.00 91.50
20271547 王伟 女 25 NUIST 64.50 95.50 92.00 90.50 88.00 58.00 79.50 69.50 98.00 57.50
20242001 陈杰 女 22 NUIST 83.00 59.00 90.50 89.00 70.00 50.00 95.00 89.50 63.00 90.00
20261945 刘杰 女 25 NUIST 55.00 99.00 54.00 70.00 91.00 56.00 71.00 86.50 69.50 85.00
20240633 陈伟 男 22 NUIST 61.00 73.50 67.00 97.00 70.50 63.50 88.50 66.00 69.50 67.50
20240908 杨娜 女 21 NUIST 85.00 99.00 84.00 80.00 61.50 64.00 79.50 86.50 74.50 79.50
20240810 陈杰 男 20 NUIST 75.50 71.50 51.50 53.50 78.50 78.50 55.00 86.50 58.00 100.00
20251108 周杰 女 19 NUIST 89.50 58.00 78.50 89.50 81.00 73.00 74.00 72.00 98.50 64.50
20271258 刘敏 男 21 NUIST 79.00 53.50 72.50 90.50 56.50 86.00 78.00 72.00 84.00 89.00
20261508 黄娜 女 25 NUIST 97.50 87.00 100.00 90.50 61.50 87.00 83.00 96.50 79.50 83.00
20261933 黄磊 男 24 NUIST 79.50 93.50 97.50 58.00 77.50 91.00 69.50 51.00 99.50 93.00
20261240 张娟 男 20 NUIST 59.50 57.50 73.00 80.00 99.00 80.50 69.00 85.50 79.50 75.00
20270815 吴伟 女 19 NUIST 80.50 62.00 95.00 51.00 58.50 55.00 78.00 60.50 61.00 78.00
20261739 杨敏 男 22 NUIST 66.00 51.50 87.00 51.50 56.50 60.50 56.50 97.00 95.50 64.50
20240836 李静 女 18 NUIST 78.00 95.00 79.00 96.50 92.00 82.00 51.50 83.50 78.50 87.50
20261947 刘强 男 21 NUIST 74.50 53.50 82.50 77.50 77.00 83.50 67.00 76.50 60.00 81.50
20240559 刘洋 女 20 NUIST 94.50 60.00 77.00 94.00 76.50 91.00 51.50 92.00 95.50 81.00
20241952 王洋 女 25 NUIST 90.00 98.00 51.50 83.50 56.00 64.00 93.00 63.50 90.50 84.50
20240708 李涛 男 18 NUIST 69.50 96.00 81.50 69.00 98.00 94.50 59.00 55.00 58.00 94.50
20251426 李洋 女 21 NUIST 72.50 60.00 74.50 52.50 60.50 77.50 97.50 67.00 50.00 89.00
20261007 张敏 女 18 NUIST 62.50 61.50 93.50 52.00 54.50 67.00 87.50 97.50 53.00 52.00
20260950 刘娟 女 25 NUIST 57.50 99.50 93.50 55.50 53.00 83.00 52.50 96.00 82.00 80.00
20272054 陈娟 女 18 NUIST 73.50 91.50 69.50 65.00 64.00 71.50 76.00 100.00 79.50 57.00
20240433 陈涛 男 18 NUIST 95.00 65.00 73.00 67.00 52.00 79.50 70.00 89.00 64.50 98.50
20251619 李涛 女 25 NUIST 75.50 51.50 75.50 63.00 85.00 59.50 87.00 91.00 58.00 59.50
20262042 王强 女 20 NUIST 91.00 57.00 91.50 66.50 52.00 57.50 67.50 92.00 76.00 71.50
20240425 王磊 女 21 NUIST 92.00 76.00 85.50 95.00 55.50 88.50 78.50 86.00 52.50 61.50
20261603 张磊 男 23 NUIST 69.00 56.00 62.50 98.50 68.00 73.00 87.50 74.50 92.50 55.00
20262010 吴静 女 21 NUIST 97.50 92.00 73.00 52.00 50.00 62.50 96.00 83.00 67.00 66.50
20241713 周娟 男 18 NUIST 68.50 80.00 98.00 50.50 69.50 55.00 52.50 65.00 86.50 91.50
20260220 李娟 女 23 NUIST 94.00 89.50 65.50 68.00 52.50 86.00 74.00 100.00 80.00 93.00
20270844 吴娟 女 23 NUIST 77.00 92.00 65.00 99.00 68.50 95.50 77.50 62.00 51.00 100.00
20250319 黄洋 女 23 NUIST 68.00 83.50 96.00 88.50 69.50 61.50 85.00 68.50 95.50 58.50
20251231 周伟 女 22 NUIST 95.50 58.50 81.50 86.00 83.50 53.50 77.50 78.50 81.00 68.00
20240651 李磊 女 18 NUIST 69.00 91.50 91.50 73.00 66.00 67.50 98.00 56.50 59.00 88.50
20241015 黄伟 男 24 NUIST 62.50 95.50 68.50 91.50 69.00 67.50 83.50 62.50 96.50 62.00
20241035 黄强 女 19 NUIST 56.00 58.00 69.50 88.50 85.00 81.00 62.50 74.50 64.00 83.50
20261006 赵洋 男 25 NUIST 77.50 67.00 95.50 58.50 95.00 97.50 82.00 61.50 62.50 93.00
20260138 周娜 女 20 NUIST 56.50 74.50 57.50 66.00 69.00 53.00 84.00 70.50 58.00 79.00
20250128 周涛 男 20 NUIST 97.50 84.00 90.50 92.50 63.50 66.50 71.00 70.00 88.50 97.50
20240739 刘伟 女 20 NUIST 50.50 91.50 72.00 56.00 56.50 57.00 52.00 89.50 56.00 91.00
20241851 周娟 男 22 NUIST 87.00 58.50 97.00 100.00 78.50 87.50 53.50 94.00 57.50 90.00
20240135 李娜 女 24 NUIST 52.00 87.50 68.50 77.50 92.50 60.50 50.50 84.00 76.00 94.50
20271111 吴静 女 19 NUIST 100.00 74.50 89.50 69.50 56.50 55.00 86.00 75.50 52.00 58.00
20240930 张洋 男 25 NUIST 84.00 81.50 64.50 69.50 50.50 76.00 58.00 56.00 99.00 68.50
20252035 陈强 女 25 NUIST 100.00 94.00 100.00 96.00 87.00 85.50 67.50 90.00 86.50 58.00
20241029 刘敏 女 21 NUIST 89.50 90.00 77.00 68.00 68.00 69.50 83.50 67.00 57.00 56.50
20271922 王强 女 24 NUIST 71.00 99.50 50.50 56.00 95.50 61.00 98.50 97.50 73.00 65.50
20251238 杨杰 男 22 NUIST 91.50 65.00 86.50 92.00 96.00 59.00 55.00 77.50 85.50 68.00
20241522 赵磊 女 20 NUIST 70.50 59.00 74.00 89.00 72.50 70.00 62.50 85.50 59.50 71.50
20270417 吴娜 女 22 NUIST 76.50 88.50 59.00 76.00 55.00 64.50 99.50 53.00 58.00 97.50
20262021 周伟 女 23 NUIST 61.50 82.00 65.50 84.00 78.50 85.00 83.50 78.50 88.00 84.50
20270921 李敏 男 24 NUIST 50.50 75.50 80.00 58.50 98.00 63.00 58.00 77.50 63.00 65.00
20250203 张敏 女 18 NUIST 84.00 81.00 64.00 66.50 94.00 52.50 70.50 56.50 50.00 52.50
20240342 张涛 女 24 NUIST 96.00 61.00 76.00 54.50 76.00 94.50 96.50 57.00 57.50 97.00
20270343 刘杰 女 23 NUIST 57.50 74.50 90.00 61.00 90.00 69.00 89.50 78.00 82.00 96.00
20251908 李娜 女 18 NUIST 96.50 71.00 56.50 76.00 52.50 54.50 59.00 62.00 81.00 85.50
20240917 张敏 男 19 NUIST 64.50 61.00 62.50 83.00 96.00 55.50 59.00 73.00 55.50 69.00
20240957 李敏 男 20 NUIST 78.50 80.50 64.50 95.50 83.50 86.50 82.00 59.00 88.50 52.00
20262033 周强 女 25 NUIST 88.50 78.00 55.00 76.50 63.50 70.50 79.00 82.00 71.50 92.50
20270410 张静 男 18 NUIST 76.00 54.00 72.00 59.00 81.00 86.00 70.00 79.50 59.50 89.50
20270625 李娟 男 22 NUIST 95.50 82.50 93.00 66.00 66.50 89.00 69.50 87.50 85.00 97.50
20270707 赵洋 女 18 NUIST 96.50 67.50 53.00 91.00 73.50 78.00 97.50 61.00 54.00 71.50
20250312 陈敏 男 25 NUIST 93.50 71.50 86.50 93.50 98.00 61.00 89.50 54.50 82.50 69.50
20260231 王静 女 24 NUIST 79.50 78.00 92.50 88.00 62.00 85.50 99.50 89.50 89.00 97.00
20270938 赵伟 女 22 NUIST 78.50 100.00 89.00 81.00 57.00 54.50 50.50 85.00 97.00 98.50
20240151 李强 男 25 NUIST 54.50 94.50 98.00 53.00 78.50 78.00 91.00 99.50 82.50 80.00
20260331 王强 男 20 NUIST 55.00 75.00 64.00 76.00 60.00 87.50 84.00 97.00 65.50 50.50
20271814 李洋 女 21 NUIST 90.50 78.50 99.00 73.00 66.50 76.00 88.50 93.00 75.50 52.00
20240841 杨娜 女 18 NUIST 100.00 80.50 72.50 80.00 78.50 52.00 55.50 53.50 51.00 93.50
20270619 陈伟 男 25 NUIST 90.00 83.00 85.00 59.00 64.00 68.00 53.00 56.00 51.00 87.00
20240959 陈洋 男 19 NUIST 51.50 81.50 86.00 78.50 56.00 75.00 96.00 65.00 86.00 64.00
20261843 吴敏 女 20 NUIST 98.50 83.50 98.00 55.50 70.50 55.00 96.00 96.50 82.50 80.00
20251635 吴涛 男 22 NUIST 54.50 53.00 75.00 52.50 99.50 97.50 68.00 87.00 69.50 68.00
20270257 陈娟 男 21 NUIST 61.00 78.50 57.00 74.50 76.50 70.50 91.50 93.00 87.50 92.00
20271411 刘娟 女 23 NUIST 73.00 66.50 58.00 65.00 56.00 64.00 85.50 73.00 58.00 73.50
20250742 刘娟 男 21 NUIST 91.00 76.00 79.50 87.00 83.00 55.50 97.50 55.50 78.00 81.50
20251505 李磊 女 23 NUIST 54.00 89.50 86.50 73.00 59.00 68.00 51.50 81.50 80.50 79.00
20241858 赵娟 男 22 NUIST 65.00 73.50 51.00 95.50 95.50 70.50 82.50 79.00 99.50 55.00
20261646 周洋 女 25 NUIST 59.00 93.00 72.00 61.50 79.00 58.50 54.00 61.00 78.00 83.50
20251217 张杰 男 20 NUIST 85.50 78.00 92.50 78.50 88.50 74.50 85.00 81.00 81.00 76.50
20250746 刘杰 男 25 NUIST 70.50 51.50 90.00 99.50 54.50 87.00 89.00 64.00 71.00 85.50
20270651 黄磊 女 23 NUIST 92.00 75.50 89.00 89.00 57.00 57.00 83.00 85.50 81.50 74.00
20251240 王娜 女 19 NUIST 62.50 57.50 51.50 55.50 66.50 97.00 69.00 95.50 78.50 94.00
20261325 周磊 男 22 NUIST 66.00 62.50 64.00 55.50 74.50 83.00 68.50 90.00 95.50 66.00
20241308 杨涛 女 18 NUIST 97.50 84.00 53.50 84.50 52.00 76.00 55.00 94.00 66.00 72.50
20240211 李洋 男 19 NUIST 77.00 86.50 75.50 71.00 68.00 62.00 99.50 83.00 92.50 99.00
20250716 张敏 女 22 NUIST 54.00 82.50 78.50 63.50 83.50 61.50 57.50 78.00 61.50 65.00
20261427 周敏 男 21 NUIST 92.00 52.00 53.50 85.00 62.00 61.50 78.00 75.50 72.00 84.00
20270949 黄静 男 22 NUIST 70.50 80.50 76.50 59.50 64.00 98.00 50.50 79.00 86.00 56.00
20261524 王伟 女 25 NUIST 60.00 70.00 82.50 73.00 84.00 94.00 81.00 81.50 54.50 100.00
20241607 黄娟 女 23 NUIST 89.50 54.00 60.50 61.50 73.50 81.00 88.50 87.00 67.00 72.50
20260633 张娜 男 23 NUIST 50.50 51.50 64.50 82.00 90.00 85.50 78.50 95.50 86.50 90.50
20250646 吴杰 女 19 NUIST 76.50 78.50 95.00 76.50 82.00 63.50 68.00 84.00 80.00 78.00
20272053 吴静 女 23 NUIST 87.00 72.50 51.00 87.50 94.00 90.50 87.50 50.50 66.50 80.00
20240801 李杰 男 22 NUIST 77.00 97.50 100.00 56.00 89.00 90.00 67.00 71.00 91.50 78.00
20251204 陈磊 男 21 NUIST 74.00 55.00 99.00 60.00 53.00 66.00 89.00 72.00 89.00 99.50
20250120 赵伟 女 20 NUIST 94.50 76.00 77.00 85.50 62.00 95.50 73.50 51.50 56.50 64.00
20260532 周娜 女 20 NUIST 72.50 81.00 69.50 94.00 92.00 61.00 86.50 55.50 99.50 58.50
20250243 吴强 男 21 NUIST 55.00 62.00 70.00 92.00 94.00 86.50 68.00 54.50 90.50 54.50
20270448 赵娜 男 22 NUIST 89.50 94.00 54.50 50.50 76.50 59.00 55.50 92.00 66.50 100.00
20261512 赵伟 女 23 NUIST 67.00 74.00 94.50 71.00 79.00 76.50 54.00 58.50 73.00 83.50
20240552 陈磊 女 21 NUIST 72.00 76.00 56.50 81.50 91.00 78.00 74.00 86.50 99.00 52.50
20241805 吴娟 男 24 NUIST 91.50 78.00 79.50 88.50 82.00 57.50 99.50 52.00 55.00 71.50
20270554 李敏 男 24 NUIST 62.50 91.50 87.50 99.50 57.50 85.50 99.00 84.50 83.50 61.00
20270452 赵涛 男 20 NUIST 59.50 61.50 66.00 84.00 95.50 74.00 62.00 56.00 57.00 66.00
20251548 王静 女 20 NUIST 70.50 86.00 81.00 73.50 50.50 99.00 92.00 92.50 86.50 88.50
20250326 赵娜 女 24 NUIST 92.50 70.00 50.50 88.00 56.00 59.00 81.50 57.00 51.00 55.00
20242050 黄强 女 22 NUIST 81.50 74.00 79.50 54.00 55.50 59.50 95.50 84.50 75.50 93.50
20260623 张强 男 24 NUIST 55.00 61.00 59.00 70.00 83.50 90.50 86.50 65.50 61.00 97.50
20240735 周涛 男 21 NUIST 62.00 78.00 97.00 74.00 56.00 68.00 72.50 75.50 54.00 58.00
20260850 赵强 女 25 NUIST 65.00 61.00 93.50 99.50 70.50 93.50 56.50 96.50 63.50 98.00
20271838 吴敏 女 21 NUIST 66.50 84.50 77.00 54.50 69.00 85.50 84.50 69.50 97.00 69.50
20251326 吴杰 女 18 NUIST 92.50 64.00 63.50 55.00 90.00 71.00 99.50 98.50 93.00 82.00
20241010 王伟 女 21 NUIST 77.50 56.00 95.50 50.50 95.00 52.00 90.50 78.00 61.50 69.50
20252016 陈涛 男 22 NUIST 72.00 96.00 72.00 60.50 90.00 66.50 88.00 75.50 96.00 65.50
20240850 吴洋 男 25 NUIST 94.00 53.00 86.50 73.50 96.00 94.00 89.50 90.50 92.50 57.00
20271025 李涛 女 23 NUIST 93.00 53.50 76.50 93.00 55.00 54.50 90.00 70.00 56.50 72.50
20260536 李敏 男 18 NUIST 91.50 82.00 59.50 60.00 97.00 56.00 58.50 60.50 81.00 79.00
20271623 刘磊 女 18 NUIST 73.00 57.00 60.50 56.50 71.00 86.50 65.00 79.00 60.50 75.50
20251013 李娜 男 20 NUIST 68.50 51.00 84.00 93.50 71.50 83.50 68.50 52.50 52.50 63.50
20261457 陈涛 女 23 NUIST 67.00 78.00 62.00 90.00 93.50 86.50 94.00 74.00 60.00 61.00
20261055 杨杰 女 18 NUIST 56.00 75.50 71.00 98.50 73.00 51.50 63.00 90.50 73.50 70.50
20240316 张静 男 22 NUIST 50.50 89.00 57.50 56.50 65.50 78.00 64.50 62.00 86.00 60.50
20271306 赵磊 男 21 NUIST 85.00 95.00 96.00 61.00 81.50 69.00 96.00 52.50 97.00 88.50
20250737 陈伟 女 21 NUIST 97.50 60.50 69.50 74.00 98.50 60.00 85.00 76.50 68.00 84.50
20251657 陈娟 女 21 NUIST 59.50 57.50 67.50 54.50 87.50 88.50 78.00 68.00 94.50 75.00
20250321 黄敏 男 24 NUIST 64.50 72.50 66.50 54.00 66.00 76.50 98.00 81.50 51.00 57.50
20261042 杨洋 女 22 NUIST 63.50 99.00 57.00 69.50 91.50 69.00 70.50 52.50 66.50 56.50
20270927 杨杰 男 21 NUIST 98.00 57.00 62.50 70.50 93.50 93.50 92.50 89.50 81.50 66.50
20251158 黄敏 男 25 NUIST 63.00 50.50 77.00 59.00 69.50 92.50 53.00 86.00 55.50 87.00
20271321 周静 女 25 NUIST 98.00 76.00 55.50 67.50 51.50 72.50 80.00 69.00 72.50 94.00
20261244 张娟 男 18 NUIST 54.50 98.00 96.50 65.00 51.00 74.50 76.00 68.50 69.00 72.50
20250912 陈洋 女 20 NUIST 63.50 63.00 53.00 76.50 57.00 99.00 70.50 62.50 56.50 88.50
20241101 杨强 男 25 NUIST 91.50 50.00 65.00 82.50 80.00 51.00 64.00 51.50 64.00 70.00
20251252 周洋 男 24 NUIST 99.00 85.50 67.00 57.00 50.00 93.50 85.00 72.50 51.00 67.50
20251940 刘静 女 19 NUIST 83.00 50.00 51.00 59.50 91.50 86.50 59.50 77.00 63.00 98.00
20270615 黄洋 女 24 NUIST 61.50 63.00 90.50 54.50 66.00 50.50 76.00 97.00 88.50 96.00
20271229 周磊 男 20 NUIST 51.50 51.50 73.50 92.00 99.50 58.50 55.00 75.00 52.00 84.50
20242045 赵强 女 23 NUIST 55.00 83.00 62.00 93.00 52.50 73.50 73.50 64.00 89.00 55.00
20270454 黄涛 女 19 NUIST 93.00 57.50 81.00 55.50 51.00 71.50 60.50 66.00 60.50 84.50
20241856 王静 女 23 NUIST 77.00 58.50 96.00 96.00 54.50 69.50 86.00 99.50 84.50 55.50
20240546 黄伟 男 20 NUIST 57.50 58.50 66.00 55.50 66.50 92.50 97.00 58.00 96.00 55.00
20271019 陈娜 男 18 NUIST 62.00 90.00 56.50 90.50 58.00 97.50 99.50 97.00 70.50 84.50
20272019 李静 女 21 NUIST 65.00 67.50 72.00 68.50 52.50 51.00 60.00 99.00 68.50 92.50
20241218 杨静 女 23 NUIST 51.00 82.50 83.00 60.00 66.00 92.00 53.50 74.50 51.00 91.00
20241906 陈洋 男 22 NUIST 79.50 65.50 77.00 65.00 70.50 53.50 90.00 93.00 74.00 64.00
20250442 周静 女 20 NUIST 52.50 87.50 94.50 67.50 57.00 54.50 94.50 68.50 97.00 65.50
20241855 黄磊 女 19 NUIST 76.50 69.00 65.00 86.50 65.00 93.50 67.50 52.50 79.00 97.50
20270512 吴娟 女 19 NUIST 86.00 85.50 76.00 77.50 96.00 87.50 67.50 83.50 100.00 64.50
20240235 王涛 女 19 NUIST 64.00 81.00 55.00 83.00 71.50 68.00 96.00 98.50 95.50 97.00
20261419 杨伟 男 24 NUIST 99.50 99.50 54.00 85.00 58.50 64.50 50.00 67.00 95.50 67.00
20240414 王强 男 21 NUIST 56.00 85.50 87.50 78.50 57.00 86.50 52.50 78.00 67.00 54.00
20271701 吴磊 女 23 NUIST 73.00 57.50 93.00 73.50 97.50 73.50 100.00 90.00 60.50 67.50
20241715 王娜 男 25 NUIST 80.50 74.00 55.00 61.50 73.00 67.00 81.50 50.50 63.50 65.00
20261859 李涛 女 19 NUIST 54.50 68.00 89.00 51.00 89.50 80.00 91.50 85.50 78.00 67.50
20270845 黄静 男 23 NUIST 54.00 67.00 68.00 98.50 77.50 98.00 66.00 73.50 60.00 95.00
20251011 张伟 男 19 NUIST 98.00 99.50 86.50 77.00 91.00 68.00 73.00 74.00 62.00 55.50
20251646 刘杰 男 24 NUIST 82.50 59.00 54.00 97.50 69.50 87.50 55.00 81.50 79.00 75.00
20260456 陈敏 男 24 NUIST 54.50 89.50 68.00 96.00 63.50 92.00 79.00 52.00 99.00 93.00
20241044 王伟 女 25 NUIST 87.50 51.00 87.50 77.50 70.00 93.50 72.50 71.00 95.00 67.50
20250826 王杰 男 25 NUIST 94.50 56.50 69.50 86.50 99.00 96.00 81.50 94.00 66.00 80.50
20261938 王洋 女 24 NUIST 69.00 63.50 98.00 69.00 52.00 76.00 68.50 79.50 82.00 98.00
20271101 刘杰 女 18 NUIST 84.50 71.00 65.50 64.50 92.00 94.00 91.50 76.50 100.00 69.00
20271324 黄洋 男 24 NUIST 67.00 63.00 93.50 96.00 86.00 55.50 55.50 52.00 90.50 63.00
20241652 陈静 女 18 NUIST 68.50 69.50 92.00 63.50 95.00 78.50 63.50 93.00 50.00 64.00
20241404 陈伟 男 22 NUIST 57.50 99.50 93.50 73.00 81.00 67.50 74.00 78.50 93.00 63.00
20271114 吴娜 女 23 NUIST 60.00 97.50 89.50 76.00 62.50 76.50 67.50 86.00 77.50 93.50
20250617 吴娟 男 18 NUIST 81.50 55.50 85.50 98.00 96.50 90.50 78.50 85.50 69.50 73.00
20271034 刘洋 女 20 NUIST 61.50 98.50 65.50 89.50 50.50 81.00 92.50 72.50 88.00 96.00
20250960 周杰 男 24 NUIST 65.50 51.50 59.00 84.00 93.50 99.00 51.50 72.50 72.50 58.00
20251910 周杰 男 19 NUIST 54.50 85.00 51.00 90.50 66.00 61.50 95.50 92.50 57.50 99.00
20240116 刘娟 男 22 NUIST 95.00 83.50 73.50 86.50 96.50 72.00 53.00 50.50 76.50 82.00
20261029 黄静 男 25 NUIST 87.50 95.50 93.50 74.00 87.00 90.00 57.50 82.50 92.50 58.00
20260941 张磊 男 20 NUIST 55.00 86.50 61.50 64.00 70.50 64.50 58.50 57.00 92.00 51.00
20271208 陈娟 男 22 NUIST 73.50 58.50 53.00 63.00 59.50 84.50 66.00 93.50 65.50 100.00
20241714 黄杰 男 24 NUIST 81.00 97.00 94.50 62.00 90.00 92.50 73.00 77.00 68.50 57.00
20250116 李伟 女 19 NUIST 61.50 66.50 96.00 85.00 68.50 86.00 68.50 76.50 50.00 96.00
20251117 张强 男 22 NUIST 59.50 56.00 53.00 99.50 56.50 55.50 75.00 92.00 85.00 83.50
20240123 李磊 男 19 NUIST 65.50 82.50 78.50 91.00 88.00 72.00 98.50 53.00 85.50 94.50
20250849 张洋 女 25 NUIST 83.50 51.50 58.50 76.50 86.00 98.50 75.00 65.00 93.00 95.00
20270151 刘洋 男 18 NUIST 75.50 89.00 58.50 55.50 82.00 76.00 70.00 53.00 69.00 92.00
20271552 杨杰 女 18 NUIST 77.00 72.50 56.00 87.00 97.50 54.50 73.50 67.50 63.00 52.50
20240606 陈杰 女 24 NUIST 66.00 91.50 77.00 58.50 94.00 92.50 70.50 99.50 64.50 72.50
20271336 黄娜 女 23 NUIST 51.50 53.00 98.00 73.00 71.50 95.00 66.50 70.00 54.50 92.50
20240320 黄磊 男 20 NUIST 56.00 97.50 50.50 66.00 66.50 54.50 97.50 96.50 92.00 66.00
20261633 李涛 男 23 NUIST 77.50 68.50 78.50 56.00 60.50 94.50 73.50 66.00 88.50 90.50
20262008 张敏 女 20 NUIST 65.50 84.00 85.50 55.00 84.00 63.50 59.50 74.50 86.00 81.00
20260632 王强 男 22 NUIST 92.50 91.50 65.00 81.00 84.00 60.00 57.00 50.00 84.50 66.00
20240529 黄娟 女 25 NUIST 85.00 95.50 57.00 92.00 69.00 94.00 70.50 62.50 74.00 93.00
20241152 吴伟 男 18 NUIST 72.00 92.00 73.00 62.50 61.50 56.50 94.50 64.00 61.50 91.50
20261712 王敏 女 20 NUIST 52.00 69.50 74.50 79.00 59.00 70.00 54.00 98.00 66.00 61.00
20271714 李敏 男 20 NUIST 63.00 64.00 64.50 83.00 68.50 96.50 52.00 83.00 52.00 58.00
20251810 周磊 女 23 NUIST 76.50 97.50 98.00 83.00 72.00 97.50 51.50 79.00 88.00 54.00
20260341 赵敏 男 23 NUIST 58.00 54.00 50.00 75.50 64.00 77.00 56.00 100.00 91.50 91.50
20261943 王静 男 22 NUIST 80.00 69.00 81.50 50.50 57.50 94.50 55.00 55.50 56.50 64.50
20251351 杨敏 女 18 NUIST 91.50 99.00 94.50 66.00 61.00 64.00 69.50 58.50 80.00 93.00
20270958 张娜 女 21 NUIST 61.50 65.50 64.00 80.00 80.50 56.50 97.00 57.00 87.00 99.50
20271755 杨娜 女 25 NUIST 68.00 85.00 58.50 90.00 62.00 50.00 56.00 55.50 75.00 64.50
20271052 陈敏 女 21 NUIST 85.50 76.00 54.00 93.00 76.50 62.00 81.00 89.00 65.00 86.00
20250602 吴娟 男 24 NUIST 96.50 99.00 99.00 55.00 56.50 94.50 93.50 87.00 84.00 95.00
20260732 吴敏 女 21 NUIST 72.00 88.50 88.50 70.00 85.00 95.00 91.50 57.50 64.50 53.50
20241319 杨洋 男 23 NUIST 68.00 91.50 53.50 64.50 88.50 69.00 97.00 81.00 52.50 75.00
20261233 李杰 男 24 NUIST 67.00 70.00 56.50 97.50 52.00 66.00 76.00 53.50 94.00 74.00
20251248 赵涛 女 22 NUIST 81.50 69.00 55.00 86.00 91.50 66.00 92.00 57.00 75.50 88.00
20240228 王敏 男 18 NUIST 52.00 79.50 60.00 58.00 61.00 52.00 77.50 91.00 72.50 89.00
20261131 刘敏 女 18 NUIST 50.50 65.50 63.00 94.00 60.50 93.00 67.50 76.50 99.00 56.50
20241303 王娟 男 25 NUIST 65.00 55.00 93.00 85.00 79.00 84.50 86.00 60.00 55.50 96.00
20241550 吴娜 男 25 NUIST 98.50 78.00 54.00 85.50 97.50 99.50 76.50 74.00 90.50 72.00
20241940 张静 女 23 NUIST 69.00 99.50 79.00 50.50 94.00 93.00 68.00 65.50 51.50 88.50
20240553 张敏 女 21 NUIST 77.50 87.00 52.00 83.50 60.00 85.50 96.50 97.50 50.50 51.00
