20240101 夏帮路 男 19 NUIST 92 85 88 90 87 83 80 91 86 89
20240102 王雨婷 女 20 NUIST 85 88 92 79 83 91 87 84 89 86  
20240103 李昭 男 21 NUIST 78 82 90 85 88 76 92 81 84 79  
20240104 张萌 女 19 NUIST 92 85 88 90 87 83 80 91 86 89  
20240105 陈伟 男 22 NUIST 80 79 85 88 82 90 84 87 83 81  
20240106 刘颖 女 20 NUIST 89 92 78 83 90 85 88 80 87 84  
20240107 赵鑫 男 19 NUIST 87 84 89 82 85 91 78 90 83 86  
20240108 孙静 女 21 NUIST 83 88 80 89 84 87 90 82 85 91  
20240109 王磊 男 20 NUIST 91 79 83 86 89 84 87 90 82 85  
20240110 周敏 女 19 NUIST 84 90 87 80 86 92 85 88 81 83  
20240111 黄涛 男 21 NUIST 88 83 91 84 80 89 86 85 92 87
